[1] "out_RFscores.txt 0.607476896183019 0.143151989111317 0.830738434163701 0.353498442810392 3"
[1] "out_RFscores.txt 1.02928501670798 0.113673003301596 1.02450980392157 0.0956969227743064 3"
[1] "out_RFscores.txt 0.607476896183019 0.143151989111317 0.830738434163701 0.353498442810392 3"
[1] "out_RFscores.txt 1.02928501670798 0.113673003301596 1.02450980392157 0.0956969227743064 3"
[1] "out_RFscores.txt 0.607476896183019 0.143151989111317 0.830738434163701 0.353498442810392 3"
[1] "out_RFscores.txt 1.02928501670798 0.113673003301596 1.02450980392157 0.0956969227743064 3"
[1] "out_RFscores.txt 1.20745274252027 0.0537153567987199 1.07630522088353 0 3"
[1] "out_RFscores.txt 0.607476896183019 0.143151989111317 0.830738434163701 0.353498442810392 3"
[1] "out_RFscores.txt 1.02928501670798 0.113673003301596 1.02450980392157 0.0956969227743064 3"
[1] "out_RFscores.txt 1.20745274252027 0.0537153567987199 1.07630522088353 0 3"
[1] "out_RFscores.txt 0.607476896183019 0.143151989111317 0.830738434163701 0.353498442810392 3"
[1] "out_RFscores.txt 1.02928501670798 0.113673003301596 1.02450980392157 0.0956969227743064 3"
[1] "out_RFscores.txt 1.20745274252027 0.0537153567987199 1.07630522088353 0 3"
[1] "out_RFscores.txt 0.607476896183019 0.143151989111317 0.830738434163701 0.353498442810392 3"
[1] "out_RFscores.txt 1.02928501670798 0.113673003301596 1.02450980392157 0.0956969227743064 3"
[1] "out_RFscores.txt 1.20745274252027 0.0537153567987199 1.07630522088353 0 3"
[1] "out_RFscores.txt 0.607476896183019 0.143151989111317 0.830738434163701 0.353498442810392 3"
[1] "out_RFscores.txt 1.02928501670798 0.113673003301596 1.02450980392157 0.0956969227743064 3"
[1] "out_RFscores.txt 1.20745274252027 0.0537153567987199 1.07630522088353 0 3"
[1] "out_RFscores.txt 0.607476896183019 0.143151989111317 0.830738434163701 0.353498442810392 3"
[1] "out_RFscores.txt 1.02928501670798 0.113673003301596 1.02450980392157 0.0956969227743064 3"
[1] "out_RFscores.txt 1.20745274252027 0.0537153567987199 1.07630522088353 0 3"
[1] "out_RFscores.txt 0.607476896183019 0.143151989111317 0.830738434163701 0.353498442810392 3"
[1] "out_RFscores.txt 1.02928501670798 0.113673003301596 1.02450980392157 0.0956969227743064 3"
[1] "out_RFscores.txt 1.20745274252027 0.0537153567987199 1.07630522088353 0 3"
[1] "out_RFscores.txt 0.607476896183019 0.143151989111317 0.830738434163701 0.353498442810392 3"
[1] "out_RFscores.txt 1.02928501670798 0.113673003301596 1.02450980392157 0.0956969227743064 3"
